tensor([   68,   538,     0,  1312, 16453,   300,  2611,    78,    13,  1312,
         3636,   470,   307,  1498,   284,  6949,    11,  1392,   281]) tensor([  538,     0,  1312, 16453,   300,  2611,    78,    13,  1312,  3636,
          470,   307,  1498,   284,  6949,    11,  1392,   281,  2814])
tensor([  538,     0,  1312, 16453,   300,  2611,    78,    13,  1312,  3636,
          470,   307,  1498,   284,  6949,    11,  1392,   281]) tensor([    0,  1312, 16453,   300,  2611,    78,    13,  1312,  3636,   470,
          307,  1498,   284,  6949,    11,  1392,   281,  2814,  9439])
tensor([    0,  1312, 16453,   300,  2611,    78,    13,  1312,  3636,   470,
          307,  1498,   284,  6949,    11,  1392,   281]) tensor([ 1312, 16453,   300,  2611,    78,    13,  1312,  3636,   470,   307,
         1498,   284,  6949,    11,  1392,   281,  2814,  9439,   635])
tensor([ 1312, 16453,   300,  2611,    78,    13,  1312,  3636,   470,   307,
         1498,   284,  6949,    11,  1392,   281]) tensor([16453,   300,  2611,    78,    13,  1312,  3636,   470,   307,  1498,
          284,  6949,    11,  1392,   281,  2814,  9439,   635,    11])
tensor([16453,   300,  2611,    78,    13,  1312,  3636,   470,   307,  1498,
          284,  6949,    11,  1392,   281]) tensor([ 300, 2611,   78,   13, 1312, 3636,  470,  307, 1498,  284, 6949,   11,
        1392,  281, 2814, 9439,  635,   11,  836])
tensor([ 300, 2611,   78,   13, 1312, 3636,  470,  307, 1498,  284, 6949,   11,
        1392,  281]) tensor([2611,   78,   13, 1312, 3636,  470,  307, 1498,  284, 6949,   11, 1392,
         281, 2814, 9439,  635,   11,  836,  470])
tensor([2611,   78,   13, 1312, 3636,  470,  307, 1498,  284, 6949,   11, 1392,
         281]) tensor([  78,   13, 1312, 3636,  470,  307, 1498,  284, 6949,   11, 1392,  281,
        2814, 9439,  635,   11,  836,  470,  345])
tensor([  78,   13, 1312, 3636,  470,  307, 1498,  284, 6949,   11, 1392,  281]) tensor([   13,  1312,  3636,   470,   307,  1498,   284,  6949,    11,  1392,
          281,  2814,  9439,   635,    11,   836,   470,   345, 17855])
tensor([  13, 1312, 3636,  470,  307, 1498,  284, 6949,   11, 1392,  281]) tensor([ 1312,  3636,   470,   307,  1498,   284,  6949,    11,  1392,   281,
         2814,  9439,   635,    11,   836,   470,   345, 17855,   761])
tensor([1312, 3636,  470,  307, 1498,  284, 6949,   11, 1392,  281]) tensor([ 3636,   470,   307,  1498,   284,  6949,    11,  1392,   281,  2814,
         9439,   635,    11,   836,   470,   345, 17855,   761,   257])
tensor([3636,  470,  307, 1498,  284, 6949,   11, 1392,  281]) tensor([  470,   307,  1498,   284,  6949,    11,  1392,   281,  2814,  9439,
          635,    11,   836,   470,   345, 17855,   761,   257,  9280])
tensor([ 470,  307, 1498,  284, 6949,   11, 1392,  281]) tensor([  307,  1498,   284,  6949,    11,  1392,   281,  2814,  9439,   635,
           11,   836,   470,   345, 17855,   761,   257,  9280,  5212])
tensor([ 307, 1498,  284, 6949,   11, 1392,  281]) tensor([ 1498,   284,  6949,    11,  1392,   281,  2814,  9439,   635,    11,
          836,   470,   345, 17855,   761,   257,  9280,  5212,    30])
tensor([1498,  284, 6949,   11, 1392,  281]) tensor([  284,  6949,    11,  1392,   281,  2814,  9439,   635,    11,   836,
          470,   345, 17855,   761,   257,  9280,  5212,    30,  1220])
tensor([ 284, 6949,   11, 1392,  281]) tensor([ 6949,    11,  1392,   281,  2814,  9439,   635,    11,   836,   470,
          345, 17855,   761,   257,  9280,  5212,    30,  1220,   271])
tensor([6949,   11, 1392,  281]) tensor([   11,  1392,   281,  2814,  9439,   635,    11,   836,   470,   345,
        17855,   761,   257,  9280,  5212,    30,  1220,   271,   300])
tensor([  568,  9675,   616,  2814,   318,   625,    11,   691,   513,   517,
          284,   467,     0, 10195,   546,   262,  4252, 10899,   319]) tensor([ 9675,   616,  2814,   318,   625,    11,   691,   513,   517,   284,
          467,     0, 10195,   546,   262,  4252, 10899,   319,   616])
tensor([ 9675,   616,  2814,   318,   625,    11,   691,   513,   517,   284,
          467,     0, 10195,   546,   262,  4252, 10899,   319]) tensor([  616,  2814,   318,   625,    11,   691,   513,   517,   284,   467,
            0, 10195,   546,   262,  4252, 10899,   319,   616,  1182])
tensor([4598, 2147,  644,  318,  326]) tensor([2147,  644,  318,  326,   30])
